391.05924999999996
1.0149865
1.1420074999999998
14758.8125
0.472742125
20.5266625
148.864125
2314.5724999999998
6809687500000001e-20
5770.44625
200.159625
571.321375
1.78460875
23415.212499999998
7684.46625
2990.07
32.83805
18.13675
17.6010125
2.8809637500000003
2.69984125
1.9711962500000002
0.042292775000000005
0.017330574999999997
0.42221275
7.15990875
4.659314999999999
29.873087499999997
0.038433525
0.88426725
10.8346
13.777437500000001
6.88273625
0.641479
5.04854
4.17749125
54.637687500000006
3.80746875
2.2086050000000004
2.8528387499999996
19470175e-16
0.0098713575
32514525000000004e-21
0.21094287499999997
1.80957
12.748737499999999
284.54499999999996
0.09472386249999999
21.438011250000002
7.580696250000001
1355.3332500000001
27.237056250000002
61.188050000000004
7.202081250000001
0.0673526
25.5655
190.83040000000003
5.73048375
0.040090825000000004
0.0695882
0.08354701249999999
0.480244875
0.9503855
172.68802499999998
2.1903475
0.23364982500000003
0.00932255375
4.13802125
10.178939999999999
0.23425712499999998
1.5045834999999999
0.058663049999999994
1.41630325
0.142711025
3.22108725
0.59249725
5.42740875
