375.614
0.966654
1.19911
15496.8
0.485562
19.5492
148.773
2213.1
715017e-10
6058.97
198.164
599.887
1.75053
24004.1
7318.54
2930.64
33.484
19.0436
16.7629
3.02501
2.57128
1.87733
0.0404994
0.0165053
0.402107
7.2853
4.56074
30.0073
0.0388251
0.914528
11.3763
13.9778
7.19376
0.610932
5.25724
4.29116
53.7165
3.70706
2.16089
2.89138
18543e-13
0.0097653
33468e-9
0.200898
1.7234
12.1976
323.391
0.208135
76.7707
7.9644
1723.32
40.2709
66.813
6.21296
0.13107
30.5456
190.6
11.5908
0.101046
0.132946
0.0540453
0.83264
1.06336
266.026
3.7644
0.336073
0.00961995
4.90052
6.72285
0.483137
2.44393
0.108939
0.690394
0.215122
2.02147
0.480126
8.22605
