388.535
1.01843
1.12535
14771.7
0.472269
20.4903
149.349
2299.32
687453e-10
5754.8
201.049
577.407
1.73779
23597.9
7678.18
3029.3
33.45
18.2768
17.874
2.88952
2.64936
1.92821
0.0417176
0.0173452
0.426401
7.05045
4.54111
29.9451
0.0378129
0.884339
10.6139
13.8843
6.72655
0.652831
5.0531
4.24888
55.4595
3.79792
2.20415
2.88092
195652e-14
0.00998107
326141e-10
0.208411
1.80207
12.8619
263
0.0912104
18.9885
5.13568
1265.428
28.41192
81.3943
5.56853
0.059521
19.022
195.942
3.5289
0.05218825
0.0366654
0.0352839
0.475071
1.01444
136.255
1.57128
0.20708
0.00769179
4.10664
10
0.254375
1.45235
0.0447137
1.82323
0.119297
3.2821
0.363638
3.56605
