365.54587499999997
0.9710952500000001
1.1835775
15351.4875
0.48560475000000003
19.7794625
147.31425
2245.6525
7126835e-11
5907.668749999999
203.128875
586.3539999999999
1.7505237500000002
24180.012499999997
7313.303750000001
2930.0975
34.3175625
19.463325
16.2136125
3.16748
2.48356375
1.93374375
0.04056195
0.016352675
0.409909
7.35672
4.67245625
29.673412499999998
0.038848
0.9308205
11.465599999999998
14.026562499999999
7.106397499999999
0.602850125
5.471943749999999
4.30553
53.70524999999999
3.7125512499999997
2.1345025
2.8557125
187405625e-17
0.00975726625
32988162500000005e-21
0.202749
1.7263025
12.1733125
235.22630000000004
0.23709525
165.09799999999998
8.51491
1783.5277499999997
45.26845
111.3900375
7.15541625
0.1848730125
44.52414999999999
255.564875
13.23727875
0.08981624999999999
0.17520507500000002
0.041012400000000004
2.01001675
1.662064375
316.73999999999995
7.084217499999999
0.292076825
0.02600988875
7.734115
6.981769999999999
0.915159375
4.994909999999999
0.17599872500000002
1.267067125
0.397867825
1.81278725
0.43456575
22.11903
