388.535
1.01843
1.12535
14771.7
0.472269
20.4903
149.349
2299.32
687453e-10
5754.8
201.049
577.407
1.73779
23597.9
7678.18
3029.3
33.45
18.2768
17.874
2.88952
2.64936
1.92821
0.0417176
0.0173452
0.426401
7.05045
4.54111
29.9451
0.0378129
0.884339
10.6139
13.8843
6.72655
0.652831
5.0531
4.24888
55.4595
3.79792
2.20415
2.88092
195652e-14
0.00998107
326141e-10
0.208411
1.80207
12.8619
263
3.250015395891
74.4340125
2.706514125
477.0285
21.6438625
216.29725
9.618198750000001
0.16179215
20.58735
740.1444706632652
24.809225000000005
0.0910968875
0.1006579375
0.0926943875
0.49183699999999997
0.97372225
604.758375
2.33432675
0.29810425
0.0146185625
186.9458125
5.905761249999999
1.3578037500000002
5.01933
0.1540633375
1.346207375
0.281062125
0.946174125
0.303757
10.781690000000001
