386.125
1.01463875
1.11566875
14666.0375
0.4697827500000001
20.3632375
149.74774999999997
2286.36625
6840415e-11
5726.895
201.80462500000002
573.8732500000001
1.7486775
23686.625
7659.057500000001
3037.3312499999993
33.201
18.368400000000005
17.81165
2.89791375
2.65932
1.93983875
0.0415105
0.017271762500000003
0.42891737499999993
7.057411249999999
4.5750475
30.06445
0.03800245
0.88780025
10.553125
13.7894375
6.743757499999999
0.656921
5.065765
4.25961125
55.668
3.82171375
2.19465375
2.86305125
196183375e-17
0.00992733
32445999999999994e-21
0.20714087499999997
1.8133637500000002
12.8140125
263
34.88532480000001
156.57978749999998
4.565835
125.852
7.73553875
54.320299999999996
53.2497125
0.093927325
31.08804125
369.73381816406237
208.4762125
0.20027081249999998
0.2770612875
0.01320287625
11.898704125
0.130962625
815.263125
7.4896487500000015
0.1570635
0.008299529625
86.8171875
9.308305
0.22909632499999996
2.61042
0.047088825
0.742181125
0.102846875
0.42211587500000003
0.29540174999999996
7.27874625
