386.602
1.01336
1.11975
14698.2
0.469919
20.3884
150.096
2287.88
684033e-10
5726.17
202.054
574.534
1.74648
23715.9
7639.98
3044.45
33.2836
18.3682
17.7851
2.89427
2.66261
1.93785
0.04151
0.0172589
0.428533
7.0857
4.56382
30.0948
0.038002
0.888761
10.5611
13.8152
6.76018
0.656095
5.07837
4.27012
55.7368
3.81691
2.19318
2.86659
19663e-13
0.00993141
324518e-10
0.207397
1.81108
12.7979
263
88.08864
67.8917
4.85808
5419.53
8.92902
81.4832
24.8494
0.122346
25.7231
289.3718181818182
37.9585
0.176944
0.276289
0.0272728
2.23067
0.227485
542.678
4.55846
0.190306
0.00740873
130.541
4.45223
0.327038
2.36936
0.0771195
0.969612
0.147074
0.516211
0.111774
10.6209
