407.962
0.969933
1.18162
15378.3
0.495882
20.1852
142.237
2189.83
701393e-10
5480.76
192.068
606.277
1.79335
22474.2
8062.09
3117.05
35.1225
17.9883
18.7677
2.88768
2.566
1.83639
0.039731
0.0168732
0.447721
6.71471
4.32487
31.3692
0.0362731
0.842228
10.965
13.5078
6.40624
0.636415
5.30575
4.04655
52.8186
3.61707
2.16995
3.02497
186335e-14
0.00953944
330779e-10
0.218832
1.71626
12.2494
263
24
14542
1.54669
303.338
10.8384
74.1936
21.3327
0.0118539
3.72451
300
165.74
185.42039999999997
0.0372548
0.00932422
0.239996
0.951256
72.401
5.28328
0.278869
0.0052727
1095.39
18515.7
0.244984
2.10999
0.00685159
0.314707
0.108214
0.713233
0.19719
1.76733
