388.535
1.01843
1.12535
14771.7
0.472269
20.4903
149.349
2299.32
687453e-10
5754.8
201.049
577.407
1.73779
23597.9
7678.18
3029.3
33.45
18.2768
17.874
2.88952
2.64936
1.92821
0.0417176
0.0173452
0.426401
7.05045
4.54111
29.9451
0.0378129
0.884339
10.6139
13.8843
6.72655
0.652831
5.0531
4.24888
55.4595
3.79792
2.20415
2.88092
195652e-14
0.00998107
326141e-10
0.05210275
1.80207
12.8619
263
1.85882676
165.09799999999998
8.51491
1783.5277499999997
45.26845
350
7.15541625
0.1848730125
44.52414999999999
255.564875
13.23727875
0.35926499999999995
0.17520507500000002
0.041012400000000004
2.01001675
1.662064375
316.73999999999995
7.084217499999999
0.292076825
0.02600988875
349.2602588159999
6.981769999999999
0.915159375
4.994909999999999
0.17599872500000002
1.267067125
0.397867825
1.81278725
0.43456575
22.11903
